
-443919 -443919 -443919 
-443919 -443919 -443919 
-443919 -443919 -443919 
1788138 1788138 -1270058 
1788138 1788138 -1270058 
1788138 1788138 -1270058 
1788138 1788138 -1270058 
1788138 1788138 -1270058 
1788138 1788138 -1270058 
1788138 1788138 -1270058 
1788138 1788138 -1270058 
1788138 1788138 -1270058 
1788138 1788138 -1270058 
1788138 1788138 -1270058 
1788138 1788138 -1270058 
1788138 1788138 -1270058 
1788138 1788138 -1270058 
1788138 1788138 -1270058 
1788138 1788138 -1270058 
1788138 1788138 -1270058 
1788138 1788138 -1270058 
1788138 1788138 -1270058 
1788138 1788138 -1270058 
1788138 1788138 -1270058 
1788138 1788138 -1270058 
1788138 1788138 -1270058 
1788138 1788138 -1270058 
1788138 1788138 -1270058 
1788138 1788138 -1270058 
1788138 1788138 -1270058 
1788138 1788138 -1270058 
1788138 1788138 -1270058 
1788138 1788138 -1270058 
1788138 1788138 -1270058 